%YAML:1.0
calibration_Time: "Wed May  4 18:57:57 2016"
nrOfFrames: 25
image_Width: 1280
image_Height: 1024
board_Width: 8
board_Height: 6
square_Size: 35.
FixAspectRatio: 1.
# flags:  +fix_aspectRatio +fix_principal_point +zero_tangent_dist
flagValue: 14
Camera_Matrix: !!opencv-matrix
   rows: 3
   cols: 3
   dt: d
   data: [ 1.6341348581312022e+03, 0., 6.3950000000000000e+02, 0.,
       1.6341348581312022e+03, 5.1150000000000000e+02, 0., 0., 1. ]
Distortion_Coefficients: !!opencv-matrix
   rows: 5
   cols: 1
   dt: d
   data: [ -1.0761019222311838e+00, 1.0110176359474154e+00, 0., 0.,
       -4.0637899496051583e-01 ]
Avg_Reprojection_Error: 1.6588128989965205e+00
Per_View_Reprojection_Errors: !!opencv-matrix
   rows: 25
   cols: 1
   dt: f
   data: [ 2.05531216e+00, 1.71323276e+00, 1.53499699e+00,
       1.55216515e+00, 1.55347979e+00, 1.59348655e+00, 1.56945276e+00,
       1.47132540e+00, 1.53471696e+00, 1.82881939e+00, 1.67888820e+00,
       1.49052119e+00, 1.52356946e+00, 1.65119445e+00, 1.66690099e+00,
       1.74557912e+00, 1.74078047e+00, 1.64685190e+00, 1.55317795e+00,
       1.60575330e+00, 1.57994413e+00, 1.65756786e+00, 1.76757228e+00,
       1.82373631e+00, 1.80145168e+00 ]
# a set of 6-tuples (rotation vector + translation vector) for each view
Extrinsic_Parameters: !!opencv-matrix
   rows: 25
   cols: 6
   dt: d
   data: [ 1.2015185800373536e-01, 3.5941640428202595e-02,
       3.5874765969973493e-02, -4.9860658159468095e+01,
       -1.5757819481203663e+02, 5.0185233868182877e+02,
       9.5354492665784774e-02, 4.6721102734517017e-02,
       4.0522762201718264e-02, -9.4525701204463275e+01,
       -1.5902833175413079e+02, 5.0862408705021033e+02,
       8.8973011401740923e-02, 6.8000781629554391e-02,
       4.4372245770783324e-02, -1.3911114991341037e+02,
       -1.6047352607118356e+02, 5.1487084019309441e+02,
       9.6399926145788822e-02, 9.0341060832652989e-02,
       4.8538437716771084e-02, -1.8364357894640276e+02,
       -1.6199314088376380e+02, 5.1993987824604858e+02,
       1.0686994539298039e-01, 1.1117896525238542e-01,
       5.2729189732864827e-02, -2.2794098552399862e+02,
       -1.6372627563494237e+02, 5.2499177494912249e+02,
       1.1255074970277973e-01, 1.1110913255815175e-01,
       5.0693203017417122e-02, -2.2938062581652315e+02,
       -1.3833717434662597e+02, 5.2750375988247447e+02,
       1.0134458756267405e-01, 8.8400306522938829e-02,
       4.6523406239460420e-02, -1.8535226232368422e+02,
       -1.3652522730201937e+02, 5.2229526292014611e+02,
       9.1457182254623043e-02, 6.3965814997506004e-02,
       4.2765855472466502e-02, -1.4094090853309098e+02,
       -1.3507653021409976e+02, 5.1721890744660459e+02,
       9.5737489121561090e-02, 4.1219492320765022e-02,
       3.9104211226887099e-02, -9.6149528331491908e+01,
       -1.3367694806906687e+02, 5.1095741543690349e+02,
       1.1929132460596190e-01, 2.8911368677115513e-02,
       3.4900212683956447e-02, -5.1411167174356478e+01,
       -1.3228229476164566e+02, 5.0405309666765368e+02,
       1.2430921392663687e-01, 2.5006367062282941e-02,
       3.4134060010103572e-02, -5.2205874907071419e+01,
       -1.0691110735792824e+02, 5.0607799007054234e+02,
       1.0387500230965330e-01, 3.7799900969905306e-02,
       3.8118636080558363e-02, -9.6645014809151093e+01,
       -1.0825528567406971e+02, 5.1273511037359060e+02,
       1.0011143096574654e-01, 6.1114773511791017e-02,
       4.1345853076705477e-02, -1.4144019050893067e+02,
       -1.0959974236563630e+02, 5.1902998531640060e+02,
       1.0997010311151072e-01, 8.7583821921064661e-02,
       4.5048029929251519e-02, -1.8612807139012745e+02,
       -1.1107264931336078e+02, 5.2432622052490251e+02,
       1.2119315996693411e-01, 1.1137507589673809e-01,
       4.8980037338361232e-02, -2.3038094617513912e+02,
       -1.1287632576953607e+02, 5.2964943744808920e+02,
       1.3133431217372465e-01, 1.1254526458844034e-01,
       4.7256440633882547e-02, -2.3156891607342547e+02,
       -8.7518876192357368e+01, 5.3190456455281924e+02,
       1.2199393074302052e-01, 8.8347986041394405e-02,
       4.3690440864379891e-02, -1.8759910033997451e+02,
       -8.5684546769689035e+01, 5.2636435410245201e+02,
       1.1395719981191094e-01, 6.1484074784027627e-02,
       4.0129691433905872e-02, -1.4296825661406015e+02,
       -8.4182779999978706e+01, 5.2089513944748296e+02,
       1.1662302551537693e-01, 3.8441028018458785e-02,
       3.6947843525456318e-02, -9.8191361204814513e+01,
       -8.2839069675770588e+01, 5.1475190315038844e+02,
       1.3290357919207063e-01, 2.3730072740688807e-02,
       3.3094428127484726e-02, -5.3360787224727844e+01,
       -8.1623346041057033e+01, 5.0819760978977843e+02,
       1.4346161038032298e-01, 2.4574587038255161e-02,
       3.1822430888825581e-02, -5.3995548123143458e+01,
       -5.6352463558340780e+01, 5.1045340386727548e+02,
       1.3151915691052921e-01, 3.9671335529197313e-02,
       3.5467060862452812e-02, -9.8573879760946269e+01,
       -5.7509751972906123e+01, 5.1655547034360427e+02,
       1.2991565028189697e-01, 6.3040443013980083e-02,
       3.8513092297323984e-02, -1.4337221939970470e+02,
       -5.8790707056245239e+01, 5.2256129251744778e+02,
       1.3586139539876824e-01, 8.9218144389415430e-02,
       4.1677747532151442e-02, -1.8804483234798550e+02,
       -6.0340004433208456e+01, 5.2817975279265033e+02,
       1.4303803991871566e-01, 1.1388437811507555e-01,
       4.5139471666819433e-02, -2.3240915770560591e+02,
       -6.2273216504618283e+01, 5.3410526069073546e+02 ]
